1 	6 	12
2 	26 	33
3 	49 	68
4 	116 	126
5 	132 	141
6 	145 	152
7 	155 	163
8 	182 	188
9 	190 	210
10 	214 	241
11 	252 	269
12 	280 	294
13 	299 	314
14 	322 	327
15 	352 	364
16 	382 	395
17 	403 	410
18 	439 	448
19 	473 	506
20 	509 	513
21 	530 	542
22 	572 	590
23 	608 	616
24 	645 	654
25 	672 	675
26 	679 	694
27 	713 	721
28 	745 	753
29 	74 	79
30 	336 	340
31 	371 	376
32 	399 	402
33 	415 	418
34 	422 	425
35 	429 	432
36 	520 	528
37 	544 	549
38 	555 	561
39 	599 	604
40 	667 	670
41 	705 	710
